1 000533
1 000690
1 000904
1 000968
1 002246
1 002609
1 002917
1 003000
1 003350
1 003512
1 003868
1 003947
1 004358
1 004780
1 004991
1 005602
1 005850
1 005955
1 006343
1 007074
1 007082
1 007348
1 007709
1 007990
1 008632
1 009115
1 009405
1 009637
1 009658
1 010578
1 011022
1 011152
1 011385
1 011658
1 011906
1 012181
1 012200
1 013242
1 013772
1 014824
1 014993
1 015284
1 015361
1 015895
1 015945
1 016087
1 016145
1 016184
1 016303
1 016473
1 017609
1 017738
1 017815
1 018241
1 018514
1 018709
1 019076
1 019303
1 019662
1 020355
1 020677
1 021593
1 022201
1 023264
1 023359
1 023551
1 023612
2 024264
2 024878
2 024881
2 025195
2 025349
2 025431
2 025539
2 025544
2 025658
2 025805
2 025833
2 026048
2 026055
2 026362
2 026413
2 026967
2 027057
2 027066
2 027089
2 027134
2 027223
2 027332
2 027402
2 027457
2 027547
2 027559
2 027564
2 027567
2 027700
2 027724
2 028000
2 028135
2 028153
2 028258
2 028362
2 028427
2 028775
2 028925
2 029187
2 029364
2 029369
2 029437
2 029515
2 029824
2 029892
2 029971
2 030098
2 030316
2 030967
2 031284
2 031322
2 031354
2 031590
2 031802
2 032081
2 032127
2 032469
2 032490
2 032518
2 032721
2 032726
2 032966
2 032994
2 033509
3 034363
3 034434
3 034703
3 034732
3 034936
3 035196
3 035560
3 035592
3 035956
3 036105
3 036482
3 036544
3 036604
3 036663
3 036665
3 036775
3 036797
3 036808
3 037014
3 037060
3 037185
3 037537
3 037970
3 038063
3 038083
3 038263
3 038624
3 038846
3 039112
3 039143
3 039152
3 039254
3 039307
3 039760
3 040086
3 040228
3 040407
3 040893
3 041219
3 041278
3 041427
3 041461
3 041572
3 041793
3 041886
3 041928
3 041970
3 042264
3 042370
3 042435
3 042500
3 042513
3 042922
3 043235
