1 000120
1 000127
1 000155
1 000199
1 000289
1 000483
1 000529
1 000537
1 000539
1 000635
1 000790
1 000840
1 000891
1 000993
1 001061
1 001428
1 001571
1 001717
1 001721
1 001739
1 001796
1 001962
1 002190
1 002341
1 002360
1 002441
1 002634
1 002668
1 002683
1 002783
1 002826
1 002996
1 003008
1 003266
1 003557
1 003591
1 003605
1 003613
1 003739
1 003741
1 003758
1 003808
1 003892
1 003897
1 003954
1 003993
1 004083
1 004117
1 004253
1 004282
1 004294
1 005015
1 005102
1 005200
1 005436
1 005576
1 005595
1 005645
1 005703
1 005880
1 005920
1 005973
1 005978
1 006033
1 006403
1 006406
1 006482
1 006534
1 006564
1 006574
1 006689
1 006777
1 006927
1 006995
1 007015
1 007040
1 007060
1 007157
1 007174
1 007311
1 007417
1 007442
1 007598
1 007804
1 007852
1 007860
1 007918
1 008009
1 008018
1 008026
1 008046
1 008082
1 008143
1 008155
1 008248
1 008297
1 008365
1 008390
1 008423
1 008425
1 008511
1 008515
1 008526
1 008629
1 008638
1 008725
1 008762
1 009013
1 009019
1 009240
1 009266
1 009281
1 009332
1 009357
1 009361
1 009362
1 009405
1 009411
1 009437
1 009789
1 009869
1 009875
1 009877
